from machine import Pin
import time
 Pins=[Pin(0,Pin.OUT),
 Pin(1,Pin.OUT),
 Pin(2,Pin.OUT),
 Pin(3,Pin.OUT),
 Pin(4,Pin.OUT),
 Pin(5,Pin.OUT),
 Pin(6,Pin.OUT),
 Pin(7,Pin.OUT),
 Pin(8,Pin.OUT),
 Pin(9,Pin.OUT),
 Pin(10,Pin.OUT),
 Pin(11,Pin.OUT),
 Pin(12,Pin.OUT),
 Pin(13,Pin.OUT),
 Pin(14,Pin.OUT),
 Pin(15,Pin.OUT),
 Pin(16,Pin.OUT),
 Pin(17,Pin.OUT),
 Pin(18,Pin.OUT),
 Pin(19,Pin.OUT),
 Pin(20,Pin.OUT),
 Pin(21,Pin.OUT),
 Pin(22,Pin.OUT),

 ]
 digit=[
 #digits
 [1,1,1,1,1,1,1,1,0,0,0,0,0,0,0,0,0,0,0,0,0,0,0],
 [0,0,0,0,0,0,0,0,1,0,1,0,0,0,0,0,1,0,0,0,0,1,1],
 [1,0,1,1,1,0,1,1,0,1,0,1,0,0,0,0,1,1,1,1,1,1,1],
 [1,1,1,1,0,0,1,1,0,1,0,1,0,0,0,0,1,1,1,1,1,1,1],
 [1,1,0,0,0,1,0,0,0,1,0,1,0,0,0,0,1,1,1,0,1,1,1],
 [0,1,1,1,0,1,1,1,0,1,0,1,0,0,0,0,1,1,1,1,1,1,1],
 [0,1,1,1,1,1,1,1,0,1,0,1,0,0,0,0,1,1,1,1,1,1,1],
 [1,1,0,0,0,0,1,1,0,1,0,1,0,0,0,0,1,1,1,0,1,1,0],
 [1,1,1,1,1,1,1,1,0,1,0,1,0,0,0,0,1,1,1,1,1,1,1],
 [1,1,1,1,0,1,1,1,0,1,0,1,0,0,0,0,1,1,1,1,1,1,1],


 #alphabet
 [1,1,0,0,1,1,1,1,0,1,0,1,0,0,0,0,1,1,1,1,1,1,0],
 [1,1,1,0,0,0,0,1,1,1,1,0,0,0,0,0,1,1,1,0,0,1,1],
 [0,0,1,1,1,1,1,1,0,0,0,0,0,0,0,0,0,0,0,0,0,0,0],
 [0,0,0,1,1,1,1,0,0,1,0,0,0,1,1,0,0,0,0,1,1,1,1],
 [0,0,1,1,1,1,1,1,0,1,0,1,0,0,0,0,1,1,1,1,1,1,1],
 [0,0,0,0,1,1,1,1,0,1,0,1,0,0,0,0,1,1,0,1,1,1,0],
 [0,1,1,1,1,1,1,1,0,1,0,0,0,0,0,0,1,1,1,1,1,1,1],
 [1,1,0,0,1,1,0,0,0,1,0,1,0,0,0,0,1,1,1,1,1,0,0],
 [0,0,0,0,0,0,0,0,1,0,1,0,0,0,0,0,1,0,0,0,0,1,1],
 [0,0,0,1,1,0,0,0,1,0,1,0,0,0,0,0,1,0,0,1,0,1,1],
 [0,0,0,0,0,0,0,0,1,0,1,0,0,1,1,0,1,1,1,0,0,1,1],
 [0,0,1,0,0,0,0,0,1,0,1,0,0,0,0,0,1,0,1,0,0,1,1],
 [1,1,0,0,1,1,0,0,0,0,0,0,1,1,0,0,1,1,1,1,1,0,0],
 [1,1,0,0,1,1,0,0,0,0,0,0,1,0,1,0,1,1,1,1,1,0,0],
 [1,1,1,1,1,1,1,1,0,0,0,0,0,0,0,0,0,0,0,0,0,0,0],
 [1,0,0,0,0,0,0,1,1,1,1,0,0,0,0,0,1,1,0,0,0,1,1],
 [1,1,1,1,1,1,1,1,0,0,0,0,0,0,1,0,0,0,1,0,0,0,0],
 [1,0,0,0,0,0,0,1,1,1,1,0,0,0,1,0,1,1,1,0,0,1,1],
 [0,1,1,1,0,1,1,1,0,1,0,1,0,0,0,0,1,1,1,1,1,1,1],
 [0,0,0,0,0,0,1,1,1,0,1,0,0,0,0,0,1,1,0,0,1,1,1],
 [1,1,1,1,1,1,0,0,0,0,0,0,0,0,0,0,0,1,0,0,1,0,0],
 [1,0,0,0,0,1,0,0,0,0,0,0,0,0,1,1,0,1,0,0,1,0,1],
 [1,1,0,0,1,1,0,0,0,0,0,0,0,0,1,1,1,1,1,1,1,0,0],
 [0,0,0,0,0,0,0,0,0,0,0,0,1,1,1,1,1,1,1,1,1,0,0],
 [0,0,0,0,0,0,0,0,0,0,1,0,1,1,0,0,1,1,0,0,1,0,1],
 [0,0,1,1,0,0,1,1,0,0,0,0,0,1,0,1,1,1,1,1,1,1,1],

 ]

 def reset():
 for pin in Pins:
 pin.value(1)
 reset()
 for i in range (36):
 for j in range(23):
 Pins[j].value(digit[i][j])

 time.sleep(0.4)
